101 10
102 10
103 10
104 10
105 10
106 10
107 10
108 10
109 10
110 10
111 10
112 10
113 10
114 10
115 10
116 10
117 10
118 10
119 10
120 10
121 10
122 10
123 10
124 10
125 10
126 10
127 10
128 10
129 10
130 10
131 10
132 10
133 10
134 10
135 10
136 10
137 10
138 10
139 10
140 10
141 10
142 10
143 10
144 10
145 10
146 10
147 10
148 10
149 10
150 10
151 10
152 10
153 10
154 10
155 10
156 10
157 10
158 10
159 10
160 10
161 10
162 10
163 10
164 10
165 10
166 10
167 10
168 10
169 10
170 10
171 10
172 10
173 10
174 10
175 10
176 10
177 10
178 10
179 10
180 10
181 10
182 10
183 10
184 10
185 10
186 10
187 10
188 10
189 10
190 10
191 10
192 10
193 10
194 10
195 10
196 10
197 10
198 10
199 10
200 10
202 10
204 10
206 10
208 10
210 10
212 10
214 10
216 10
218 10
220 10
222 10
224 10
226 10
228 10
230 10
232 10
234 10
236 10
238 10
240 10
242 10
244 10
246 10
248 10
250 10
252 10
254 10
256 10
258 10
260 10
262 10
264 10
266 10
268 10
270 10
272 10
274 10
276 10
278 10
280 10
282 10
284 10
286 10
288 10
290 10
292 10
294 10
296 10
298 10
300 10
303 10
306 10
309 10
312 10
315 10
318 10
321 10
324 10
327 10
330 10
333 10
336 10
339 10
342 10
345 10
348 10
351 10
354 10
357 10
360 10
363 10
366 10
369 10
372 10
375 10
378 10
381 10
384 10
387 10
390 10
393 10
396 10
399 10
402 10
406 10
410 10
414 10
418 10
422 10
426 10
430 10
434 10
438 10
442 10
446 10
450 10
454 10
458 10
462 10
466 10
470 10
474 10
478 10
482 10
486 10
490 10
494 10
498 10
502 10
507 10
512 10
517 10
522 10
527 10
532 10
537 10
542 10
547 10
552 10
557 10
562 10
567 10
572 10
577 10
582 10
587 10
592 10
597 10
602 10
608 10
614 10
620 10
626 10
632 10
638 10
644 10
650 10
656 10
662 10
668 10
674 10
680 10
686 10
692 10
698 10
704 10
711 10
718 10
725 10
732 10
739 10
746 10
753 10
760 10
767 10
774 10
781 10
788 10
795 10
802 10
810 10
818 10
826 10
834 10
842 10
850 10
858 10
866 10
874 10
882 10
890 10
898 10
906 10
915 10
924 10
933 10
942 10
951 10
960 10
969 10
978 10
987 10
996 10
1005 10
1015 10
1025 10
1035 10
1045 10
1055 10
1065 10
1075 10
1085 10
1095 10
1105 10
1116 10
1127 10
1138 10
1149 10
1160 10
1171 10
1182 10
1193 10
1204 10
1216 10
1228 10
1240 10
1252 10
1264 10
1276 10
1288 10
1300 10
1313 10
1326 10
1339 10
1352 10
1365 10
1378 10
1391 10
1404 10
1418 10
1432 10
1446 10
1460 10
1474 10
1488 10
1502 10
1517 10
1532 10
1547 10
1562 10
1577 9
1592 10
1607 10
1623 10
1639 10
1655 10
1671 10
1687 10
1703 10
1720 10
1737 10
1754 10
1771 10
1788 10
1805 10
1823 10
1841 10
1859 10
1877 10
1895 10
1913 10
1932 10
1951 10
1970 10
1989 10
2008 10
2028 10
2048 10
2068 10
2088 10
2108 10
2129 10
2150 10
2171 10
2192 10
2213 10
2235 10
2257 10
2279 10
2301 10
2324 10
2347 9
2370 10
2393 10
2416 10
2440 10
2464 10
2488 10
2512 10
2537 10
2562 10
2587 10
2612 10
2638 10
2664 10
2690 10
2716 10
2743 10
2770 10
2797 10
2824 10
2852 10
2880 10
2908 10
2937 10
2966 10
2995 10
3024 10
3054 10
3084 9
3114 10
3145 10
3176 10
3207 10
3239 10
3271 10
3303 10
3336 10
3369 10
3402 10
3436 10
3470 10
3504 10
3539 10
3574 10
3609 10
3645 10
3681 10
3717 10
3754 10
3791 9
3828 10
3866 10
3904 9
3943 10
3982 10
4021 10
4061 10
4101 10
4142 10
4183 9
4224 10
4266 10
4308 10
4351 10
4394 10
4437 10
4481 10
4525 10
4570 10
4615 9
4661 10
4707 10
4754 10
4801 10
4849 9
4897 9
4945 10
4994 9
5043 10
5093 9
5143 9
5194 9
5245 4
5297 3
5349 9
5402 9
5456 9
5510 10
5565 9
5620 10
5676 10
5732 9
5789 10
5846 5
5904 10
5963 9
6022 3
6082 1
6142 1
6203 2
6265 4
6327 3
6390 0
6453 1
6517 1
6582 1
6647 2
6713 1
6780 1
6847 2
6915 3
6984 1
7053 1
7123 0
7194 1
7265 2
7337 2
7410 1
7484 0
7558 0
7633 3
7709 3
7786 7
7863 5
7941 1
8020 1
8100 1
8181 3
8262 1
8344 1
8427 0
8511 6
8596 9
8681 2
8767 0
8854 0
8942 1
9031 0
9121 0
9212 0
9304 1
9397 0
9490 0
9584 0
9679 0
9775 0
9872 0
9970 2
10069 0
10169 3
10270 4
10372 9
10475 3
10579 0
10684 1
10790 1
10897 0
11005 0
11115 0
11226 0
11338 3
11451 1
11565 1
11680 1
11796 0
11913 0
12032 0
12152 0
12273 1
12395 0
12518 0
12643 0
12769 0
12896 1
13024 3
13154 7
13285 1
13417 2
13551 0
13686 1
13822 0
13960 0
14099 0
14239 0
14381 0
14524 0
14669 0
14815 0
14963 1
15112 0
15263 0
15415 0
15569 0
15724 2
15881 2
16039 2
16199 0
16360 0
16523 1
16688 0
16854 0
17022 0
17192 0
17363 0
17536 1
17711 0
17888 0
18066 1
18246 0
18428 0
18612 0
18798 2
18985 2
19174 0
19365 0
19558 0
19753 0
19950 0
20149 0
20350 0
20553 0
20758 0
20965 0
21174 0
21385 0
21598 2
21813 3
22031 1
22251 0
22473 0
22697 0
22923 0
23152 0
23383 0
23616 0
23852 0
24090 0
24330 1
24573 3
24818 0
25066 0
25316 0
25569 0
25824 0
26082 0
26342 0
26605 0
26871 0
27139 0
27410 2
27684 1
27960 0
28239 0
28521 0
28806 0
29094 0
29384 0
29677 0
29973 0
30272 0
30574 2
30879 0
31187 0
31498 0
31812 1
32130 0
32451 0
32775 0
33102 0
33433 0
33767 0
34104 1
34445 0
34789 0
35136 0
35487 0
35841 0
36199 0
36560 0
36925 2
37294 2
37666 0
38042 0
38422 0
38806 0
39194 1
39585 0
39980 1
40379 2
40782 0
41189 0
41600 0
42016 0
42436 0
42860 0
43288 1
43720 0
44157 0
44598 0
45043 0
45493 0
45947 0
46406 1
46870 1
47338 0
47811 0
48289 0
48771 0
49258 0
49750 0
50247 0
50749 0
51256 0
51768 0
52285 0
52807 0
53335 1
53868 1
54406 1
54950 0
55499 0
56053 0
56613 0
57179 0
57750 0
58327 0
58910 0
59499 1
60093 0
60693 0
61299 0
61911 0
62530 0
63155 1
63786 0
64423 0
65067 0
65717 0
66374 0
67037 0
67707 0
68384 0
69067 0
69757 0
70454 0
71158 0
71869 0
72587 0
73312 0
74045 0
74785 0
75532 0
76287 1
77049 0
77819 0
78597 0
79382 0
80175 0
80976 0
81785 0
82602 0
83428 0
84262 0
85104 0
85955 0
86814 0
87682 0
88558 0
89443 0
90337 0
91240 0
92152 0
93073 0
94003 1
94943 0
95892 0
96850 0
97818 0
98796 0
99783 0
100780 0
101787 0
102804 0
103832 0
104870 0
105918 0
106977 0
108046 0
109126 0
110217 0
111319 0
112432 0
113556 0
114691 0
115837 0
116995 0
118164 0
119345 0
120538 1
121743 0
122960 0
124189 0
125430 0
126684 0
127950 0
129229 0
130521 0
131826 0
133144 0
134475 0
135819 0
137177 0
138548 0
139933 0
141332 0
142745 0
144172 0
145613 0
147069 0
148539 0
150024 0
151524 0
153039 0
154569 0
156114 0
157675 0
159251 0
160843 0
162451 0
